PID IS 126
COMMAND
docker
1663279520 0.0
1663279521 0.0
1663279522 0.0
1663279523 0.0
1663279524 0.0
1663279525 0.0
1663279526 0.0
1663279527 0.0
1663279528 0.0
1663279529 0.0
1663279530 0.0
1663279531 0.0
1663279532 0.0
1663279533 0.0
1663279534 0.0
1663279535 0.0
1663279536 0.0
1663279537 0.0
1663279538 0.0
1663279539 0.0
1663279540 0.0
1663279541 0.0
1663279542 0.0
1663279543 0.0
1663279544 0.0
1663279545 0.0
1663279546 0.0
1663279547 0.0
1663279548 0.0
1663279549 0.0
1663279550 0.0
1663279551 0.0
1663279552 0.0
1663279553 0.0
1663279554 0.0
1663279555 0.0
1663279556 0.0
1663279557 0.0
1663279558 0.0
1663279559 0.0
1663279560 0.0
1663279561 0.0
1663279562 0.0
1663279563 0.0
1663279564 0.0
1663279566 0.0
