2 5.71e-01
4 3.75e-02
8 6.80e-03
16 1.48e-03
32 3.47e-04
64 8.40e-05
128 2.07e-05
256 5.13e-06
512 1.28e-06
1024 3.19e-07
2048 7.96e-08
4096 1.99e-08
8192 4.97e-09
16384 1.24e-09
32768 3.10e-10
65536 7.76e-11
131072 1.94e-11
262144 4.85e-12
524288 1.17e-12
1048576 2.58e-13
2097152 3.84e-14
4194304 2.17e-13
8388608 5.46e-14
16777216 4.09e-14
33554432 1.60e-13
67108864 6.73e-14
134217728 1.74e-13
268435456 7.86e-14
536870912 4.68e-13
1073741824 1.66e-12
2 5.71e-01
4 3.75e-02
8 6.80e-03
16 1.48e-03
32 3.47e-04
64 8.40e-05
128 2.07e-05
256 5.13e-06
512 1.28e-06
1024 3.19e-07
2048 7.96e-08
4096 1.99e-08
8192 4.97e-09
16384 1.24e-09
32768 3.10e-10
65536 7.76e-11
131072 1.94e-11
262144 4.85e-12
524288 1.17e-12
1048576 2.58e-13
2097152 3.84e-14
4194304 2.17e-13
8388608 5.46e-14
16777216 4.09e-14
33554432 1.60e-13
67108864 6.73e-14
134217728 1.74e-13
268435456 7.86e-14
536870912 4.68e-13
1073741824 1.66e-12
2 5.71e-01
4 3.75e-02
8 6.80e-03
16 1.48e-03
32 3.47e-04
64 8.40e-05
128 2.07e-05
256 5.13e-06
512 1.28e-06
1024 3.19e-07
2048 7.96e-08
4096 1.99e-08
8192 4.97e-09
16384 1.24e-09
32768 3.10e-10
65536 7.76e-11
131072 1.94e-11
262144 4.85e-12
524288 1.17e-12
1048576 2.58e-13
2097152 3.84e-14
4194304 2.17e-13
8388608 5.46e-14
16777216 4.09e-14
33554432 1.60e-13
67108864 6.73e-14
134217728 1.74e-13
268435456 7.86e-14
536870912 4.68e-13
1073741824 1.66e-12
